2.100000000000000000e+01 2.100000000000000000e+01 2.100000000000000000e+01 2.100000000000000000e+01 2.100000000000000000e+01 2.100000000000000000e+01 2.100000000000000000e+01 2.100000000000000000e+01 2.100000000000000000e+01 2.100000000000000000e+01
2.100000000000000000e+01 2.100000000000000000e+01 2.100000000000000000e+01 2.100000000000000000e+01 2.100000000000000000e+01 2.100000000000000000e+01 2.100000000000000000e+01 2.100000000000000000e+01 2.100000000000000000e+01 2.100000000000000000e+01
2.100000000000000000e+01 2.100000000000000000e+01 2.100000000000000000e+01 2.100000000000000000e+01 2.100000000000000000e+01 2.100000000000000000e+01 2.000000000000000000e+01 1.800000000000000000e+01 1.600000000000000000e+01 1.600000000000000000e+01
2.100000000000000000e+01 2.100000000000000000e+01 2.100000000000000000e+01 2.300000000000000000e+01 3.300000000000000000e+01 4.200000000000000000e+01 4.900000000000000000e+01 2.800000000000000000e+01 0.000000000000000000e+00 0.000000000000000000e+00
2.100000000000000000e+01 2.100000000000000000e+01 2.100000000000000000e+01 3.300000000000000000e+01 6.400000000000000000e+01 9.200000000000000000e+01 1.190000000000000000e+02 7.300000000000000000e+01 0.000000000000000000e+00 0.000000000000000000e+00
2.100000000000000000e+01 2.100000000000000000e+01 2.100000000000000000e+01 4.200000000000000000e+01 9.200000000000000000e+01 1.410000000000000000e+02 1.870000000000000000e+02 1.170000000000000000e+02 0.000000000000000000e+00 0.000000000000000000e+00
2.100000000000000000e+01 2.100000000000000000e+01 2.000000000000000000e+01 4.900000000000000000e+01 1.190000000000000000e+02 1.880000000000000000e+02 2.550000000000000000e+02 1.610000000000000000e+02 0.000000000000000000e+00 0.000000000000000000e+00
2.100000000000000000e+01 2.100000000000000000e+01 1.800000000000000000e+01 2.900000000000000000e+01 7.300000000000000000e+01 1.180000000000000000e+02 1.620000000000000000e+02 1.140000000000000000e+02 1.600000000000000000e+01 1.600000000000000000e+01
2.100000000000000000e+01 2.100000000000000000e+01 1.600000000000000000e+01 0.000000000000000000e+00 0.000000000000000000e+00 0.000000000000000000e+00 0.000000000000000000e+00 1.600000000000000000e+01 2.100000000000000000e+01 2.100000000000000000e+01
2.100000000000000000e+01 2.100000000000000000e+01 1.600000000000000000e+01 0.000000000000000000e+00 0.000000000000000000e+00 0.000000000000000000e+00 0.000000000000000000e+00 1.600000000000000000e+01 2.100000000000000000e+01 2.100000000000000000e+01
